{
    "memory_cost": 3785.58004,
    "param_size": 437.935112,
    "act_size": 418.455616
}
