{
    "memory_cost": 1954.323976,
    "param_size": 267.82004,
    "act_size": 210.812992
}
