{
    "memory_cost": 192.940808,
    "param_size": 67.111688,
    "act_size": 15.72864
}
