{
    "memory_cost": 4858.99828,
    "param_size": 98.331656,
    "act_size": 595.083328
}
